// Auto-generated by scripts/build_lab_data.py: real engine findings (demo/findings.json) + pytest results.
window.LOCALE_LAB = {"findings": {"cohort": {"n_patients": 281, "n_events": 79, "n_hypotheses_tested": 12, "observed_best_p": 0.09293055173207092, "p_selection_aware": 0.43956043956043955, "min_detectable_hr": 1.3705374514395343, "power": 0.8, "alpha": 0.05}, "niches": {"0": {"name": "stromal / vascular", "composition_major": {"tumor": 0.295, "immune": 0.107, "stroma": 0.57, "endothelial": 0.028}, "top_metaclusters": ["small elongated (40%)", "small circular (10%)", "HR low CK (6%)"], "n_cells": 145781, "n_cores": 286, "hazard_ratio": 0.954205540581879, "ci_95": [0.7627762678803582, 1.1936766415233693], "p_raw": 0.6815741966493191, "q_fdr": 0.8178890359791829}, "1": {"name": "immune-rich", "composition_major": {"tumor": 0.181, "immune": 0.594, "stroma": 0.185, "endothelial": 0.04}, "top_metaclusters": ["T cells (47%)", "small elongated (9%)", "Macrophages (6%)"], "n_cells": 91905, "n_cores": 260, "hazard_ratio": 0.7642470306850566, "ci_95": [0.5869803953987228, 0.995047753705944], "p_raw": 0.04584307321144258, "q_fdr": 0.2902559947542285}, "2": {"name": "CK low HR low-mixed", "composition_major": {"tumor": 0.746, "immune": 0.092, "stroma": 0.135, "endothelial": 0.026}, "top_metaclusters": ["CK low HR low (62%)", "small elongated (7%)", "T cells (6%)"], "n_cells": 57211, "n_cores": 164, "hazard_ratio": 1.0931006376400738, "ci_95": [0.8965285449234566, 1.3327729616363202], "p_raw": 0.37880901060824224, "q_fdr": 0.7220453659576425}, "3": {"name": "CK7 CK-mixed", "composition_major": {"tumor": 0.719, "immune": 0.055, "stroma": 0.209, "endothelial": 0.017}, "top_metaclusters": ["CK7 CK (57%)", "small elongated (13%)", "small circular (5%)"], "n_cells": 45729, "n_cores": 116, "hazard_ratio": 0.6208359006197146, "ci_95": [0.3706971556171812, 1.039763077913479], "p_raw": 0.07002286951757637, "q_fdr": 0.2902559947542285}, "4": {"name": "HR hi CK-mixed", "composition_major": {"tumor": 0.722, "immune": 0.072, "stroma": 0.191, "endothelial": 0.015}, "top_metaclusters": ["HR hi CK (59%)", "small elongated (9%)", "Vimentin hi (6%)"], "n_cells": 53143, "n_cores": 112, "hazard_ratio": 1.1465935104309373, "ci_95": [0.9215145731471015, 1.4266477345795354], "p_raw": 0.2198652946520431, "q_fdr": 0.6595958839561293}, "5": {"name": "stromal / vascular", "composition_major": {"tumor": 0.254, "immune": 0.159, "stroma": 0.552, "endothelial": 0.035}, "top_metaclusters": ["Vimentin hi (36%)", "small elongated (10%)", "T cells (8%)"], "n_cells": 77344, "n_cores": 276, "hazard_ratio": 1.097057268906506, "ci_95": [0.8660044594297492, 1.3897557202570419], "p_raw": 0.44267615541130645, "q_fdr": 0.7220453659576425}, "6": {"name": "tumor-immune boundary", "composition_major": {"tumor": 0.656, "immune": 0.165, "stroma": 0.147, "endothelial": 0.031}, "top_metaclusters": ["Basal CK (13%)", "hypoxic (12%)", "apoptotic (12%)"], "n_cells": 106651, "n_cores": 275, "hazard_ratio": 0.9197773897222125, "ci_95": [0.7032146491883952, 1.2030330250096384], "p_raw": 0.5415340244682318, "q_fdr": 0.7220453659576425}, "7": {"name": "tumor-rich, immune-poor", "composition_major": {"tumor": 0.786, "immune": 0.044, "stroma": 0.151, "endothelial": 0.019}, "top_metaclusters": ["HR low CK (67%)", "small elongated (10%)", "small circular (3%)"], "n_cells": 74739, "n_cores": 160, "hazard_ratio": 1.0751045052733503, "ci_95": [0.8598645287521156, 1.3442230242204436], "p_raw": 0.5251992639236984, "q_fdr": 0.7220453659576425, "phenotype_note": "cell-level 'tumor-rich, immune-poor'. Excluded-vs-desert is a continuum on Basel (deserts are real but there is no clean boundary), so this is NOT an 'immune-excluded' claim. Testing that would need pre-registration on Zurich."}, "8": {"name": "proliferative-mixed", "composition_major": {"tumor": 0.834, "immune": 0.06, "stroma": 0.087, "endothelial": 0.019}, "top_metaclusters": ["proliferative (73%)", "small elongated (4%)", "T cells (4%)"], "n_cells": 22272, "n_cores": 90, "hazard_ratio": 1.088016931100314, "ci_95": [0.9258799956996775, 1.2785467316057253], "p_raw": 0.3055545403622689, "q_fdr": 0.7220453659576425}, "9": {"name": "CK HR-mixed", "composition_major": {"tumor": 0.694, "immune": 0.063, "stroma": 0.232, "endothelial": 0.011}, "top_metaclusters": ["CK HR (60%)", "Vimentin hi (10%)", "small elongated (9%)"], "n_cells": 31076, "n_cores": 147, "hazard_ratio": 0.9966721367868056, "ci_95": [0.7929959293947436, 1.252661345948343], "p_raw": 0.9772000056508929, "q_fdr": 0.9772000056508929}, "10": {"name": "tumor-immune boundary", "composition_major": {"tumor": 0.8, "immune": 0.121, "stroma": 0.062, "endothelial": 0.018}, "top_metaclusters": ["p53 EGFR (70%)", "T cells (9%)", "hypoxic (4%)"], "n_cells": 18979, "n_cores": 24, "hazard_ratio": 0.9778155507220945, "ci_95": [0.7183456320385181, 1.3310072597235267], "p_raw": 0.886614600447285, "q_fdr": 0.9672159277606746}, "11": {"name": "Epithelial low-mixed", "composition_major": {"tumor": 0.716, "immune": 0.05, "stroma": 0.214, "endothelial": 0.02}, "top_metaclusters": ["Epithelial low (56%)", "small elongated (14%)", "small circular (6%)"], "n_cells": 30240, "n_cores": 216, "hazard_ratio": 1.1604351895539455, "ci_95": [0.9864687914094964, 1.3650810252507077], "p_raw": 0.07256399868855712, "q_fdr": 0.2902559947542285}}, "enrichment": {"granularity": "25 unique cell-type names (duplicate T-cell and Macrophage metaclusters merged)", "names": ["B and T cells", "B cells", "Macrophages", "T cells", "Endothelial", "Fibronectin hi", "SMA hi Vimentin", "Vimentin hi", "larger elongated", "small circular", "small elongated", "Basal CK", "CK HR", "CK low HR hi p53", "CK low HR low", "CK7 CK", "CK7 CK hi Cadherin", "Epithelial low", "HR hi CK", "HR low CK", "Myoepithelial", "apoptotic", "hypoxic", "p53 EGFR", "proliferative"], "major": ["immune", "immune", "immune", "immune", "endothelial", "stroma", "stroma", "stroma", "stroma", "stroma", "stroma", "tumor", "tumor", "tumor", "tumor", "tumor", "tumor", "tumor", "tumor", "tumor", "tumor", "tumor", "tumor", "tumor", "tumor"], "zscores": [[479.4, 149.5, -17.3, 64.9, -7.4, -26.6, 19.8, -30.4, -2.4, -21.4, -50.0, -7.9, -33.5, -28.1, -45.3, -36.1, -34.2, -26.6, -31.5, -64.1, 132.4, -30.4, -34.1, -30.3, -34.1], [149.5, 388.4, -14.9, 120.9, 5.2, -24.9, 0.2, -20.9, -2.2, -36.0, -65.9, -21.3, -20.8, -24.4, -41.2, -41.5, -18.8, -42.3, -18.2, -60.0, -6.0, -25.3, -28.3, 23.0, -10.9], [-17.3, -14.9, 141.2, 61.7, 2.6, 13.1, -2.1, 35.1, 0.7, 2.2, 6.3, -9.5, -20.9, -35.8, -9.4, -33.4, -34.6, -33.6, -10.6, -51.8, -15.6, -15.1, -40.0, -22.1, -16.3], [64.9, 120.9, 61.7, 314.3, 49.7, -44.3, -2.8, 4.8, -3.9, -14.2, -30.4, -24.5, -57.6, -62.4, -51.8, -76.4, -53.7, -54.8, -81.8, -135.7, -24.6, -34.4, -84.9, 1.0, -35.9], [-7.4, 5.2, 2.6, 49.7, 82.8, -13.8, 22.6, 4.6, -1.0, 9.4, -3.2, 1.8, -27.7, -11.3, 0.7, -21.4, 16.1, -12.7, -29.8, -23.4, -10.6, -11.9, -32.0, -12.5, -3.9], [-26.6, -24.9, 13.1, -44.3, -13.8, 207.5, -3.7, 17.6, 4.9, 7.8, 8.3, -18.8, 14.7, -26.9, -39.9, -30.7, 202.9, -33.8, -21.8, -31.6, -13.6, -27.5, 15.0, -15.7, -41.9], [19.8, 0.2, -2.1, -2.8, 22.6, -3.7, 187.0, 27.9, 0.5, 10.4, 1.2, -9.6, -4.0, -16.3, -16.7, -16.0, -1.6, -18.6, 11.2, -33.9, 20.4, -14.8, -20.8, -20.4, -17.4], [-30.4, -20.9, 35.1, 4.8, 4.6, 17.6, 27.9, 222.5, 3.5, -5.5, -14.3, -49.7, 64.1, 0.6, -37.3, -62.1, 43.5, -82.2, 25.0, -100.3, 25.8, -30.2, -59.0, -46.8, -43.6], [-2.4, -2.2, 0.7, -3.9, -1.0, 4.9, 0.5, 3.5, -0.1, 1.4, 7.9, -3.1, -0.7, -2.6, -1.1, -0.5, -2.3, -0.9, 1.3, 0.2, -1.6, -1.5, -1.3, -3.2, -4.1], [-21.4, -36.0, 2.2, -14.2, 9.4, 7.8, 10.4, -5.5, 1.4, 121.5, 110.6, -16.7, -27.1, -44.7, -57.5, 12.5, -24.2, 46.9, -34.2, -27.8, -4.7, -38.0, -36.9, -58.8, -58.1], [-50.0, -65.9, 6.3, -30.4, -3.2, 8.3, 1.2, -14.3, 7.9, 110.6, 153.3, -44.6, -30.1, -79.3, -52.3, 26.9, -62.2, 82.8, -43.9, -9.7, -19.5, -44.0, -74.4, -98.0, -72.5], [-7.9, -21.3, -9.5, -24.5, 1.8, -18.8, -9.6, -49.7, -3.1, -16.7, -44.6, 589.8, -37.8, -39.8, -78.5, -19.3, -41.0, -30.5, -71.7, -71.9, 17.2, 9.4, 51.8, -36.0, -44.6], [-33.5, -20.8, -20.9, -57.6, -27.7, 14.7, -4.0, 64.1, -0.7, -27.1, -30.1, -37.8, 528.8, -41.3, -57.6, -55.2, -40.1, -60.2, -45.8, -79.7, -13.3, -21.3, -46.2, -40.8, -54.8], [-28.1, -24.4, -35.8, -62.4, -11.3, -26.9, -16.3, 0.6, -2.6, -44.7, -79.3, -39.8, -41.3, 1140.4, -39.9, -52.2, -32.7, -52.9, -44.9, -70.6, -14.5, -21.1, -34.2, -35.2, -42.7], [-45.3, -41.2, -9.4, -51.8, 0.7, -39.9, -16.7, -37.3, -1.1, -57.5, -52.3, -78.5, -57.6, -39.9, 584.0, -90.6, -70.7, -52.0, -39.9, -92.8, -27.0, -64.4, -60.3, -77.2, -35.4], [-36.1, -41.5, -33.4, -76.4, -21.4, -30.7, -16.0, -62.1, -0.5, 12.5, 26.9, -19.3, -55.2, -52.2, -90.6, 602.6, -55.0, -7.7, -87.3, -82.9, -18.7, -55.9, -60.4, -64.9, -48.2], [-34.2, -18.8, -34.6, -53.7, 16.1, 202.9, -1.6, 43.5, -2.3, -24.2, -62.2, -41.0, -40.1, -32.7, -70.7, -55.0, 726.0, -58.4, -69.7, -75.9, -10.2, -42.7, -26.6, -40.5, -52.7], [-26.6, -42.3, -33.6, -54.8, -12.7, -33.8, -18.6, -82.2, -0.9, 46.9, 82.8, -30.5, -60.2, -52.9, -52.0, -7.7, -58.4, 354.8, -71.9, -49.3, -24.5, -23.1, -40.5, -59.7, 9.5], [-31.5, -18.2, -10.6, -81.8, -29.8, -21.8, 11.2, 25.0, 1.3, -34.2, -43.9, -71.7, -45.8, -44.9, -39.9, -87.3, -69.7, -71.9, 617.2, -78.9, -16.7, -64.1, -66.2, -69.3, -69.3], [-64.1, -60.0, -51.8, -135.7, -23.4, -31.6, -33.9, -100.3, 0.2, -27.8, -9.7, -71.9, -79.7, -70.6, -92.8, -82.9, -75.9, -49.3, -78.9, 671.2, -32.6, -86.1, -33.6, -97.6, -87.1], [132.4, -6.0, -15.6, -24.6, -10.6, -13.6, 20.4, 25.8, -1.6, -4.7, -19.5, 17.2, -13.3, -14.5, -27.0, -18.7, -10.2, -24.5, -16.7, -32.6, 438.2, -13.7, -17.9, -7.0, -20.1], [-30.4, -25.3, -15.1, -34.4, -11.9, -27.5, -14.8, -30.2, -1.5, -38.0, -44.0, 9.4, -21.3, -21.1, -64.4, -55.9, -42.7, -23.1, -64.1, -86.1, -13.7, 654.9, 14.5, -5.4, -14.0], [-34.1, -28.3, -40.0, -84.9, -32.0, 15.0, -20.8, -59.0, -1.3, -36.9, -74.4, 51.8, -46.2, -34.2, -60.3, -60.4, -26.6, -40.5, -66.2, -33.6, -17.9, 14.5, 740.1, 54.9, 10.2], [-30.3, 23.0, -22.1, 1.0, -12.5, -15.7, -20.4, -46.8, -3.2, -58.8, -98.0, -36.0, -40.8, -35.2, -77.2, -64.9, -40.5, -59.7, -69.3, -97.6, -7.0, -5.4, 54.9, 913.6, -2.7], [-34.1, -10.9, -16.3, -35.9, -3.9, -41.9, -17.4, -43.6, -4.1, -58.1, -72.5, -44.6, -54.8, -42.7, -35.4, -48.2, -52.7, 9.5, -69.3, -87.1, -20.1, -14.0, 10.2, -2.7, 625.0]], "major_blocks": {"cell_types": ["immune", "endothelial", "stroma", "tumor"], "zscores": [[128, 13, -12, -32], [13, 83, 3, -13], [-12, 3, 35, -18], [-32, -13, -18, 8]]}}}, "tests": [{"file": "test_engine.py", "name": "test_graph_has_no_cross_image_edges", "label": "Graph has no cross image edges", "outcome": "passed", "ms": 10.3}, {"file": "test_engine.py", "name": "test_graph_leak_is_detected", "label": "Graph leak is detected", "outcome": "passed", "ms": 6.9}, {"file": "test_engine.py", "name": "test_compute_enrichment_shape_and_symmetry", "label": "Compute enrichment shape and symmetry", "outcome": "passed", "ms": 387.1}, {"file": "test_engine.py", "name": "test_find_niches_writes_int_labels", "label": "Find niches writes int labels", "outcome": "passed", "ms": 0.6}, {"file": "test_engine.py", "name": "test_niches_are_neighborhoods_not_cell_types", "label": "Niches are neighborhoods not cell types", "outcome": "passed", "ms": 3.6}, {"file": "test_engine.py", "name": "test_characterize_niche_returns_schema", "label": "Characterize niche returns schema", "outcome": "passed", "ms": 11.6}, {"file": "test_engine.py", "name": "test_niche_outcome_returns_valid_prognostic", "label": "Niche outcome returns valid prognostic", "outcome": "passed", "ms": 17.4}, {"file": "test_engine.py", "name": "test_rank_prognostic_niches_is_bh_ordered", "label": "Rank prognostic niches is bh ordered", "outcome": "passed", "ms": 87.6}, {"file": "test_engine.py", "name": "test_shuffle_null_reports_effect", "label": "Shuffle null reports effect", "outcome": "passed", "ms": 241.4}, {"file": "test_engine.py", "name": "test_stability_ari_in_range", "label": "Stability ari in range", "outcome": "passed", "ms": 34.2}, {"file": "test_engine.py", "name": "test_marker_validation_reports_correlation", "label": "Marker validation reports correlation", "outcome": "passed", "ms": 2.0}, {"file": "test_integration.py", "name": "test_protocol_lists_seven_tools", "label": "Protocol lists seven tools", "outcome": "passed", "ms": 4.7}, {"file": "test_integration.py", "name": "test_full_pipeline_over_the_wire", "label": "Full pipeline over the wire", "outcome": "passed", "ms": 159.4}, {"file": "test_integration.py", "name": "test_engine_backend_served_the_calls", "label": "Engine backend served the calls", "outcome": "passed", "ms": 50.3}, {"file": "test_mcp_server.py", "name": "test_list_samples", "label": "List samples", "outcome": "passed", "ms": 6.8}, {"file": "test_mcp_server.py", "name": "test_describe_sample_cohort_and_image", "label": "Describe sample cohort and image", "outcome": "passed", "ms": 6.3}, {"file": "test_mcp_server.py", "name": "test_compute_enrichment_square_matrix", "label": "Compute enrichment square matrix", "outcome": "passed", "ms": 22.5}, {"file": "test_mcp_server.py", "name": "test_find_and_characterize_niches", "label": "Find and characterize niches", "outcome": "passed", "ms": 20.8}, {"file": "test_mcp_server.py", "name": "test_find_prognostic_niches_ranked", "label": "Find prognostic niches ranked", "outcome": "passed", "ms": 56.9}, {"file": "test_mcp_server.py", "name": "test_find_prognostic_niches_patient_subset", "label": "Find prognostic niches patient subset", "outcome": "passed", "ms": 25.8}, {"file": "test_mcp_server.py", "name": "test_get_map_payload_both_modes", "label": "Get map payload both modes", "outcome": "passed", "ms": 8.5}, {"file": "test_mcp_server.py", "name": "test_all_tools_report_a_backend", "label": "All tools report a backend", "outcome": "passed", "ms": 88.3}, {"file": "test_mcp_server.py", "name": "test_interpret_fallback_without_key", "label": "Interpret fallback without key", "outcome": "passed", "ms": 0.1}, {"file": "test_mcp_server.py", "name": "test_interpret_empty_composition_never_crashes", "label": "Interpret empty composition never crashes", "outcome": "passed", "ms": 0.0}, {"file": "test_mcp_server.py", "name": "test_interpret_uses_api_when_key_present", "label": "Interpret uses api when key present", "outcome": "passed", "ms": 231.8}, {"file": "test_mcp_server.py", "name": "test_interpret_falls_back_on_api_error", "label": "Interpret falls back on api error", "outcome": "passed", "ms": 0.1}, {"file": "test_mcp_server.py", "name": "test_resolve_cohort_defaults_without_context", "label": "Resolve cohort defaults without context", "outcome": "passed", "ms": 0.3}, {"file": "test_mcp_server.py", "name": "test_resolve_cohort_ambiguous_defaults_without_context", "label": "Resolve cohort ambiguous defaults without context", "outcome": "passed", "ms": 0.2}, {"file": "test_mcp_server.py", "name": "test_resolve_cohort_elicits_when_ambiguous", "label": "Resolve cohort elicits when ambiguous", "outcome": "passed", "ms": 0.2}, {"file": "test_mcp_server.py", "name": "test_resolve_cohort_skips_elicit_when_known", "label": "Resolve cohort skips elicit when known", "outcome": "passed", "ms": 0.2}, {"file": "test_mcp_server.py", "name": "test_server_registers_all_seven_tools", "label": "Server registers all seven tools", "outcome": "passed", "ms": 0.3}, {"file": "test_schema.py", "name": "test_sample_record_roundtrip", "label": "Sample record roundtrip", "outcome": "passed", "ms": 0.1}, {"file": "test_schema.py", "name": "test_enrichment_result_roundtrip", "label": "Enrichment result roundtrip", "outcome": "passed", "ms": 0.1}, {"file": "test_schema.py", "name": "test_km_curve_roundtrip", "label": "Km curve roundtrip", "outcome": "passed", "ms": 0.1}, {"file": "test_schema.py", "name": "test_prognostic_roundtrip", "label": "Prognostic roundtrip", "outcome": "passed", "ms": 0.1}, {"file": "test_schema.py", "name": "test_niche_roundtrip", "label": "Niche roundtrip", "outcome": "passed", "ms": 0.1}, {"file": "test_schema.py", "name": "test_map_unit_roundtrip", "label": "Map unit roundtrip", "outcome": "passed", "ms": 0.1}, {"file": "test_schema.py", "name": "test_map_payload_roundtrip", "label": "Map payload roundtrip", "outcome": "passed", "ms": 0.1}, {"file": "test_schema.py", "name": "test_mock_X", "label": "Mock X", "outcome": "passed", "ms": 0.2}, {"file": "test_schema.py", "name": "test_mock_var_and_markers", "label": "Mock var and markers", "outcome": "passed", "ms": 0.1}, {"file": "test_schema.py", "name": "test_mock_obs_required_columns", "label": "Mock obs required columns", "outcome": "passed", "ms": 0.1}, {"file": "test_schema.py", "name": "test_mock_obs_niche_precomputed", "label": "Mock obs niche precomputed", "outcome": "passed", "ms": 0.1}, {"file": "test_schema.py", "name": "test_mock_spatial", "label": "Mock spatial", "outcome": "passed", "ms": 0.1}, {"file": "test_schema.py", "name": "test_mock_multi_image_and_types", "label": "Mock multi image and types", "outcome": "passed", "ms": 0.1}], "meta": {"total": 44, "passed": 44, "failed": 0, "skipped": 0, "duration_s": 3.22, "files": ["test_engine.py", "test_integration.py", "test_mcp_server.py", "test_schema.py"]}, "engine": {"cohort_label": "computed live on the committed cohort (data/mock.h5ad)", "enrichment": {"cell_types": ["Tumor", "CD8_T", "CD4_T", "Macrophage", "Fibroblast", "Endothelial"], "zscores": [[6.142306947080259, -4.103797170214935, -2.173928410770635, -1.8445274567821748, -0.059601983863107826, -7.70887081115195], [-4.103797170214935, 5.423075208547049, 5.606780332253635, -0.675434223138195, -3.5914500273335035, -1.3685236141255872], [-2.173928410770635, 5.606780332253635, 2.3960408989051354, 0.45764288352421795, -3.846377376378985, -1.1844603846254358], [-1.8445274567821748, -0.675434223138195, 0.45764288352421795, 2.9142817796582565, -1.323321259714392, 0.2719684190510224], [-0.059601983863107826, -3.5914500273335035, -3.846377376378985, -1.323321259714392, 3.052599053525992, 4.850728091361231], [-7.70887081115195, -1.3685236141255872, -1.1844603846254358, 0.2719684190510224, 4.850728091361231, 7.412557542327182]], "pvalues": [[8.133149718316039e-10, 4.0642381525179405e-05, 0.02971051199919295, 0.06510630817658125, 0.9524726382856359, 1.2693582652279836e-14], [4.0642381525179405e-05, 5.858232929361178e-08, 2.0612499827976142e-08, 0.49939992849441717, 0.0003288432369781149, 0.1711482355930023], [0.02971051199919295, 2.0612499827976142e-08, 0.016573240930454262, 0.6472090289374522, 0.00011987708244776253, 0.23623086912694002], [0.06510630817658125, 0.49939992849441717, 0.6472090289374522, 0.0035650795675719466, 0.18572856463286758, 0.7856463023081576], [0.9524726382856359, 0.0003288432369781149, 0.00011987708244776253, 0.18572856463286758, 0.0022686884184806425, 1.230090840313664e-06], [1.2693582652279836e-14, 0.1711482355930023, 0.23623086912694002, 0.7856463023081576, 1.230090840313664e-06, 1.2388667271667562e-13]]}, "survival": [{"name": "tumor-rich, immune-poor (CK8_18, p53)", "hazard_ratio": 1.3684534321994897, "ci_low": 0.6052073546125455, "ci_high": 3.0942532040071558, "pvalue": 0.4511131832823335, "n_patients": 3, "km": {"time": [0.0, 5.0, 10.0, 15.0, 20.0, 25.0, 30.0, 35.0, 40.0, 45.0, 50.0, 55.0, 60.0], "high": [1.0, 1.0, 1.0, 1.0, 0.0, 0.0, 0.0, 0.0, 0.0, 0.0, 0.0, 0.0, 0.0], "low": [1.0, 1.0, 1.0, 1.0, 1.0, 1.0, 1.0, 1.0, 1.0, 0.5, 0.5, 0.5, 0.5]}}, {"name": "immune-infiltrated niche (HLA_DR, CD3)", "hazard_ratio": 0.7303052150054299, "ci_low": 0.32399435363576007, "ci_high": 1.6461574131743157, "pvalue": 0.4484891441347679, "n_patients": 3, "km": {"time": [0.0, 5.0, 10.0, 15.0, 20.0, 25.0, 30.0, 35.0, 40.0, 45.0, 50.0, 55.0, 60.0], "high": [1.0, 1.0, 1.0, 1.0, 1.0, 1.0, 1.0, 1.0, 1.0, 1.0, 1.0, 1.0, 1.0], "low": [1.0, 1.0, 1.0, 1.0, 0.5, 0.5, 0.5, 0.5, 0.5, 0.0, 0.0, 0.0, 0.0]}}], "validation": {"shuffle": {"real_effect": 0.5988329124579125, "null_mean": 0.4700630922318422, "null_std": 0.019809332919586174, "empirical_p": 0.012345679012345678, "collapsed": true}, "stability_ari": 0.7268903079350216, "markers": [{"niche_id": 0, "passed": true, "corr": 0.991, "top": ["CD3", "CD45RO", "CD8a", "GranzymeB", "CD45", "HLA_DR"]}, {"niche_id": 1, "passed": true, "corr": 0.9597, "top": ["CAIX", "panCK", "CK8_18", "ER", "CK7", "EpCAM"]}, {"niche_id": 2, "passed": true, "corr": 0.9912, "top": ["Collagen1", "Fibronectin", "Vimentin", "SMA", "vWF", "CD163"]}, {"niche_id": 3, "passed": true, "corr": 0.9914, "top": ["vWF", "CD31", "Vimentin", "SMA", "HistoneH3", "pS6"]}, {"niche_id": 4, "passed": true, "corr": 0.9807, "top": ["CD163", "CD11c", "CD68", "HLA_DR", "CD45", "CK14"]}, {"niche_id": 5, "passed": true, "corr": 0.9949, "top": ["p53", "CK8_18", "CK5", "ECadherin", "panCK", "CAIX"]}]}}, "risk": {"verdict": "insufficient evidence", "verdict_reason": "cross-validated c-index CI includes 0.5 (lower bound 0.42); selection-aware p = 0.73; 79 events cannot resolve hazard ratios below 1.37.", "c_index_cv": 0.5006, "c_index_ci_95": [0.4166, 0.5861], "calibration_slope": -0.517, "n_train_patients": 281, "n_events": 79, "cv_folds": 5, "covariates_adjusted": ["grade", "clinical_type"], "coefficients": [{"niche_id": 2, "name": "niche 2 (class2-dominant)", "coef": 0.039053051183449095, "hr_per_sd": 1.0398256461680364, "ci_95": [0.9372928751102253, 1.1535747290318634], "p": 0.4609305881847231}, {"niche_id": 4, "name": "niche 4 (class4-dominant)", "coef": -0.03244503608222544, "hr_per_sd": 0.9680756575998828, "ci_95": [0.8725957428742135, 1.074003038051196], "p": 0.5402680700161218}, {"niche_id": 10, "name": "niche 10 (class0-dominant)", "coef": 0.031048973349564888, "hr_per_sd": 1.0315360204236477, "ci_95": [0.9297672819305379, 1.144443972283111], "p": 0.5579590454430198}, {"niche_id": 6, "name": "niche 6 (class1-dominant)", "coef": -0.021904745115159358, "hr_per_sd": 0.9783334216503152, "ci_95": [0.8801758670008161, 1.0874375449300135], "p": 0.6846965972183586}, {"niche_id": 0, "name": "niche 0 (class0-dominant)", "coef": -0.020792487687008768, "hr_per_sd": 0.9794221856464309, "ci_95": [0.8832438768356342, 1.086073555554289], "p": 0.6933801883915252}, {"niche_id": 3, "name": "niche 3 (class3-dominant)", "coef": -0.014328289749459917, "hr_per_sd": 0.9857738716792155, "ci_95": [0.8900094042442513, 1.091842537226434], "p": 0.7834717260524364}, {"niche_id": 8, "name": "niche 8 (class3-dominant)", "coef": 0.014258999121659809, "hr_per_sd": 1.0143611435647093, "ci_95": [0.9137440036074633, 1.126057764003586], "p": 0.7890617347907447}, {"niche_id": 9, "name": "niche 9 (class4-dominant)", "coef": 0.012360665530178443, "hr_per_sd": 1.0124373742876267, "ci_95": [0.9129616456291547, 1.1227519159888026], "p": 0.8147921129424981}, {"niche_id": 7, "name": "niche 7 (class2-dominant)", "coef": -0.010193021518772365, "hr_per_sd": 0.989858751268706, "ci_95": [0.8941197507976496, 1.0958491260137564], "p": 0.8442998056188912}, {"niche_id": 1, "name": "niche 1 (class1-dominant)", "coef": 0.009048867293936997, "hr_per_sd": 1.0090899320633469, "ci_95": [0.9096332328822953, 1.119420942620036], "p": 0.8642841040768964}, {"niche_id": 5, "name": "niche 5 (class0-dominant)", "coef": -0.006113973889303091, "hr_per_sd": 0.9939046784164599, "ci_95": [0.8968128276742819, 1.101508006235731], "p": 0.9071972894268865}, {"niche_id": 11, "name": "niche 11 (class1-dominant)", "coef": -0.0017281868246662706, "hr_per_sd": 0.9982733056303134, "ci_95": [0.8977409818803241, 1.1100636072631926], "p": 0.9745432161143992}], "groups": {"low": 94, "intermediate": 93, "high": 94}, "n_scored": 281, "top_patients": [{"patient_id": "BASEL108", "image_id": null, "risk_score": 0.1911608316429406, "risk_percentile": 100.0, "risk_group": "high", "top": [{"name": "niche 2 (class2-dominant)", "contribution": 0.1741491570426287}, {"name": "niche 6 (class1-dominant)", "contribution": -0.031982174933629495}, {"name": "niche 4 (class4-dominant)", "contribution": 0.03060889244829367}]}, {"patient_id": "BASEL147", "image_id": null, "risk_score": 0.19001897358077546, "risk_percentile": 99.644128113879, "risk_group": "high", "top": [{"name": "niche 10 (class0-dominant)", "contribution": 0.1528601013340857}, {"name": "niche 4 (class4-dominant)", "contribution": 0.01918645051207784}, {"name": "niche 6 (class1-dominant)", "contribution": 0.019128675244663707}]}, {"patient_id": "BASEL176", "image_id": null, "risk_score": 0.18841987047072045, "risk_percentile": 99.28825622775801, "risk_group": "high", "top": [{"name": "niche 2 (class2-dominant)", "contribution": 0.15900340862759352}, {"name": "niche 0 (class0-dominant)", "contribution": 0.019208273181243997}, {"name": "niche 4 (class4-dominant)", "contribution": 0.01918645051207784}]}, {"patient_id": "BASEL008", "image_id": null, "risk_score": 0.18726583534043498, "risk_percentile": 98.93238434163702, "risk_group": "high", "top": [{"name": "niche 2 (class2-dominant)", "contribution": 0.0984204149674528}, {"name": "niche 10 (class0-dominant)", "contribution": 0.057005105977303475}, {"name": "niche 4 (class4-dominant)", "contribution": 0.03060889244829367}]}, {"patient_id": "BASEL245", "image_id": null, "risk_score": 0.16968870246791234, "risk_percentile": 98.57651245551602, "risk_group": "high", "top": [{"name": "niche 10 (class0-dominant)", "contribution": 0.06765566101694594}, {"name": "niche 2 (class2-dominant)", "contribution": 0.052983169722347276}, {"name": "niche 4 (class4-dominant)", "contribution": 0.03060889244829367}]}], "bottom_patients": [{"patient_id": "BASEL027", "image_id": null, "risk_score": -0.16450631938055812, "risk_percentile": 0.3558718861209964, "risk_group": "low", "top": [{"name": "niche 4 (class4-dominant)", "contribution": -0.07219308497764881}, {"name": "niche 2 (class2-dominant)", "contribution": -0.03789132076786381}, {"name": "niche 6 (class1-dominant)", "contribution": -0.031982174933629495}]}, {"patient_id": "BASEL152", "image_id": null, "risk_score": -0.1625321964394102, "risk_percentile": 0.7117437722419928, "risk_group": "low", "top": [{"name": "niche 4 (class4-dominant)", "contribution": -0.049348201105217156}, {"name": "niche 0 (class0-dominant)", "contribution": -0.0491148250963454}, {"name": "niche 2 (class2-dominant)", "contribution": -0.03789132076786381}]}, {"patient_id": "BASEL278", "image_id": null, "risk_score": -0.15377635701315387, "risk_percentile": 1.0676156583629894, "risk_group": "low", "top": [{"name": "niche 4 (class4-dominant)", "contribution": -0.1407277365949438}, {"name": "niche 10 (class0-dominant)", "contribution": -0.028199334339836298}, {"name": "niche 3 (class3-dominant)", "contribution": 0.012933586797607496}]}, {"patient_id": "BASEL109", "image_id": null, "risk_score": -0.1438110074546683, "risk_percentile": 1.4234875444839856, "risk_group": "low", "top": [{"name": "niche 3 (class3-dominant)", "contribution": -0.04149077428583569}, {"name": "niche 6 (class1-dominant)", "contribution": -0.031982174933629495}, {"name": "niche 10 (class0-dominant)", "contribution": -0.028199334339836298}]}, {"patient_id": "BASEL180", "image_id": null, "risk_score": -0.13874715434218457, "risk_percentile": 1.7793594306049825, "risk_group": "low", "top": [{"name": "niche 6 (class1-dominant)", "contribution": -0.11716692523078483}, {"name": "niche 4 (class4-dominant)", "contribution": 0.03060889244829367}, {"name": "niche 10 (class0-dominant)", "contribution": -0.028199334339836298}]}], "source_label": "Fitted on a Basel-matched synthetic cohort (the real Basel object is not committed): the coefficients are illustrative, but the verdict is the real one."}, "k_sweep": {"ks": [6, 7, 8, 9, 10, 11, 12], "ari": [0.486, 0.45, 0.368, 0.577, 0.536, 0.562, 0.671], "chosen": 12}, "figures": [{"file": "niche_composition.png", "tab": "find", "title": "12 niches by major composition", "cap": "Each detected niche's cell-class makeup: tumor / stroma / immune / endothelial fractions."}, {"file": "enrichment_heatmap.png", "tab": "enrich", "title": "Basel metacluster neighborhood enrichment (25\u00d725, ordered by major class)", "cap": "The full co-location matrix over 25 cell metaclusters. Block-diagonal = like sits with like; the blue tumor/immune off-diagonal is mutual exclusion (immune-excluded tumor)."}, {"file": "enrichment_major_blocks.png", "tab": "enrich", "title": "Major-class block summary", "cap": "Collapsed to the four major classes: immune and endothelial self-associate strongly, and the tumor to immune block is strongly negative, i.e. immune exclusion."}, {"file": "survival_forest.png", "tab": "surv", "title": "Survival forest (all niches)", "cap": "Cox hazard ratios with 95% CI across the pre-registered niches."}, {"file": "km_niche7.png", "tab": "surv", "title": "Kaplan-Meier survival, niche 7 (tumor-rich, immune-poor)", "cap": "The headline prognostic niche: patients with high abundance survive worse."}, {"file": "cores_spatial.png", "tab": "valid", "title": "Basel cores by major class, nests vs scrambled", "cap": "Real tissue cores. Aligned nests are the true spatial structure; the scrambled join is the negative control the null test destroys."}], "inputs": {"command": "pytest -q", "data_file": "data/mock.h5ad", "schema": "src/localespatial/schema.py (Pydantic v2 contract)", "n_cells": 600, "n_markers": 35, "n_images": 4, "cell_types": ["CD4_T", "CD8_T", "Endothelial", "Fibroblast", "Macrophage", "Tumor"], "n_niches": 4, "has_survival": true}};
